Matrix de Rigidez do elemento 1
-------------------------------------------------------------------------------------------
	  5.0000000e-01   0.0000000e+00   0.0000000e+00  -5.0000000e-01   0.0000000e+00   0.0000000e+00 
	  0.0000000e+00   5.0000000e-03   7.5000000e-03   0.0000000e+00  -5.0000000e-03   7.5000000e-03 
	  0.0000000e+00   7.5000000e-03   1.5000000e-02   0.0000000e+00  -7.5000000e-03   7.5000000e-03 
	 -5.0000000e-01   0.0000000e+00   0.0000000e+00   5.0000000e-01   0.0000000e+00   0.0000000e+00 
	  0.0000000e+00  -5.0000000e-03  -7.5000000e-03   0.0000000e+00   5.0000000e-03  -7.5000000e-03 
	  0.0000000e+00   7.5000000e-03   7.5000000e-03   0.0000000e+00  -7.5000000e-03   1.5000000e-02 
-------------------------------------------------------------------------------------------
Matrix de Rotação do elemento 1
-------------------------------------------------------------------------------------------
	  0.0000000e+00   1.0000000e+00   0.0000000e+00   0.0000000e+00   0.0000000e+00   0.0000000e+00 
	 -1.0000000e+00   0.0000000e+00   0.0000000e+00   0.0000000e+00   0.0000000e+00   0.0000000e+00 
	  0.0000000e+00   0.0000000e+00   1.0000000e+00   0.0000000e+00   0.0000000e+00   0.0000000e+00 
	  0.0000000e+00   0.0000000e+00   0.0000000e+00   0.0000000e+00   1.0000000e+00   0.0000000e+00 
	  0.0000000e+00   0.0000000e+00   0.0000000e+00  -1.0000000e+00   0.0000000e+00   0.0000000e+00 
	  0.0000000e+00   0.0000000e+00   0.0000000e+00   0.0000000e+00   0.0000000e+00   1.0000000e+00 
Matrix de Rigidez Rotacionada do elemento 1
-------------------------------------------------------------------------------------------
	  5.0000000e-03   0.0000000e+00  -7.5000000e-03  -5.0000000e-03   0.0000000e+00  -7.5000000e-03 
	  0.0000000e+00   5.0000000e-01   0.0000000e+00   0.0000000e+00  -5.0000000e-01   0.0000000e+00 
	 -7.5000000e-03   0.0000000e+00   1.5000000e-02   7.5000000e-03   0.0000000e+00   7.5000000e-03 
	 -5.0000000e-03   0.0000000e+00   7.5000000e-03   5.0000000e-03   0.0000000e+00   7.5000000e-03 
	  0.0000000e+00  -5.0000000e-01   0.0000000e+00   0.0000000e+00   5.0000000e-01   0.0000000e+00 
	 -7.5000000e-03   0.0000000e+00   7.5000000e-03   7.5000000e-03   0.0000000e+00   1.5000000e-02 
-------------------------------------------------------------------------------------------
Matrix de Rigidez do elemento 2
-------------------------------------------------------------------------------------------
	  9.0000000e-01   0.0000000e+00   0.0000000e+00  -9.0000000e-01   0.0000000e+00   0.0000000e+00 
	  0.0000000e+00   2.9160000e-02   3.6450000e-02   0.0000000e+00  -2.9160000e-02   3.6450000e-02 
	  0.0000000e+00   3.6450000e-02   6.0750000e-02   0.0000000e+00  -3.6450000e-02   3.0375000e-02 
	 -9.0000000e-01   0.0000000e+00   0.0000000e+00   9.0000000e-01   0.0000000e+00   0.0000000e+00 
	  0.0000000e+00  -2.9160000e-02  -3.6450000e-02   0.0000000e+00   2.9160000e-02  -3.6450000e-02 
	  0.0000000e+00   3.6450000e-02   3.0375000e-02   0.0000000e+00  -3.6450000e-02   6.0750000e-02 
-------------------------------------------------------------------------------------------
Matrix de Rotação do elemento 2
-------------------------------------------------------------------------------------------
	  1.0000000e+00   0.0000000e+00   0.0000000e+00   0.0000000e+00   0.0000000e+00   0.0000000e+00 
	 -0.0000000e+00   1.0000000e+00   0.0000000e+00   0.0000000e+00   0.0000000e+00   0.0000000e+00 
	  0.0000000e+00   0.0000000e+00   1.0000000e+00   0.0000000e+00   0.0000000e+00   0.0000000e+00 
	  0.0000000e+00   0.0000000e+00   0.0000000e+00   1.0000000e+00   0.0000000e+00   0.0000000e+00 
	  0.0000000e+00   0.0000000e+00   0.0000000e+00  -0.0000000e+00   1.0000000e+00   0.0000000e+00 
	  0.0000000e+00   0.0000000e+00   0.0000000e+00   0.0000000e+00   0.0000000e+00   1.0000000e+00 
Matrix de Rigidez Rotacionada do elemento 2
-------------------------------------------------------------------------------------------
	  9.0000000e-01   0.0000000e+00   0.0000000e+00  -9.0000000e-01   0.0000000e+00   0.0000000e+00 
	  0.0000000e+00   2.9160000e-02   3.6450000e-02   0.0000000e+00  -2.9160000e-02   3.6450000e-02 
	  0.0000000e+00   3.6450000e-02   6.0750000e-02   0.0000000e+00  -3.6450000e-02   3.0375000e-02 
	 -9.0000000e-01   0.0000000e+00   0.0000000e+00   9.0000000e-01   0.0000000e+00   0.0000000e+00 
	  0.0000000e+00  -2.9160000e-02  -3.6450000e-02   0.0000000e+00   2.9160000e-02  -3.6450000e-02 
	  0.0000000e+00   3.6450000e-02   3.0375000e-02   0.0000000e+00  -3.6450000e-02   6.0750000e-02 
-------------------------------------------------------------------------------------------
Matrix de Rigidez do elemento 3
-------------------------------------------------------------------------------------------
	  9.0000000e-01   0.0000000e+00   0.0000000e+00  -9.0000000e-01   0.0000000e+00   0.0000000e+00 
	  0.0000000e+00   2.9160000e-02   3.6450000e-02   0.0000000e+00  -2.9160000e-02   3.6450000e-02 
	  0.0000000e+00   3.6450000e-02   6.0750000e-02   0.0000000e+00  -3.6450000e-02   3.0375000e-02 
	 -9.0000000e-01   0.0000000e+00   0.0000000e+00   9.0000000e-01   0.0000000e+00   0.0000000e+00 
	  0.0000000e+00  -2.9160000e-02  -3.6450000e-02   0.0000000e+00   2.9160000e-02  -3.6450000e-02 
	  0.0000000e+00   3.6450000e-02   3.0375000e-02   0.0000000e+00  -3.6450000e-02   6.0750000e-02 
-------------------------------------------------------------------------------------------
Matrix de Rotação do elemento 3
-------------------------------------------------------------------------------------------
	  1.0000000e+00   0.0000000e+00   0.0000000e+00   0.0000000e+00   0.0000000e+00   0.0000000e+00 
	 -0.0000000e+00   1.0000000e+00   0.0000000e+00   0.0000000e+00   0.0000000e+00   0.0000000e+00 
	  0.0000000e+00   0.0000000e+00   1.0000000e+00   0.0000000e+00   0.0000000e+00   0.0000000e+00 
	  0.0000000e+00   0.0000000e+00   0.0000000e+00   1.0000000e+00   0.0000000e+00   0.0000000e+00 
	  0.0000000e+00   0.0000000e+00   0.0000000e+00  -0.0000000e+00   1.0000000e+00   0.0000000e+00 
	  0.0000000e+00   0.0000000e+00   0.0000000e+00   0.0000000e+00   0.0000000e+00   1.0000000e+00 
Matrix de Rigidez Rotacionada do elemento 3
-------------------------------------------------------------------------------------------
	  9.0000000e-01   0.0000000e+00   0.0000000e+00  -9.0000000e-01   0.0000000e+00   0.0000000e+00 
	  0.0000000e+00   2.9160000e-02   3.6450000e-02   0.0000000e+00  -2.9160000e-02   3.6450000e-02 
	  0.0000000e+00   3.6450000e-02   6.0750000e-02   0.0000000e+00  -3.6450000e-02   3.0375000e-02 
	 -9.0000000e-01   0.0000000e+00   0.0000000e+00   9.0000000e-01   0.0000000e+00   0.0000000e+00 
	  0.0000000e+00  -2.9160000e-02  -3.6450000e-02   0.0000000e+00   2.9160000e-02  -3.6450000e-02 
	  0.0000000e+00   3.6450000e-02   3.0375000e-02   0.0000000e+00  -3.6450000e-02   6.0750000e-02 
-------------------------------------------------------------------------------------------
Matrix de Rigidez da Estrutura
-------------------------------------------------------------------------------------------
	  5.0000000e-03   0.0000000e+00  -7.5000000e-03  -5.0000000e-03   0.0000000e+00  -7.5000000e-03   0.0000000e+00   0.0000000e+00   0.0000000e+00   0.0000000e+00   0.0000000e+00   0.0000000e+00 
	  0.0000000e+00   5.0000000e-01   0.0000000e+00   0.0000000e+00  -5.0000000e-01   0.0000000e+00   0.0000000e+00   0.0000000e+00   0.0000000e+00   0.0000000e+00   0.0000000e+00   0.0000000e+00 
	 -7.5000000e-03   0.0000000e+00   1.5000000e-02   7.5000000e-03   0.0000000e+00   7.5000000e-03   0.0000000e+00   0.0000000e+00   0.0000000e+00   0.0000000e+00   0.0000000e+00   0.0000000e+00 
	 -5.0000000e-03   0.0000000e+00   7.5000000e-03   9.0500000e-01   0.0000000e+00   7.5000000e-03  -9.0000000e-01   0.0000000e+00   0.0000000e+00   0.0000000e+00   0.0000000e+00   0.0000000e+00 
	  0.0000000e+00  -5.0000000e-01   0.0000000e+00   0.0000000e+00   5.2916000e-01   3.6450000e-02   0.0000000e+00  -2.9160000e-02   3.6450000e-02   0.0000000e+00   0.0000000e+00   0.0000000e+00 
	 -7.5000000e-03   0.0000000e+00   7.5000000e-03   7.5000000e-03   3.6450000e-02   7.5750000e-02   0.0000000e+00  -3.6450000e-02   3.0375000e-02   0.0000000e+00   0.0000000e+00   0.0000000e+00 
	  0.0000000e+00   0.0000000e+00   0.0000000e+00  -9.0000000e-01   0.0000000e+00   0.0000000e+00   1.8000000e+00   0.0000000e+00   0.0000000e+00  -9.0000000e-01   0.0000000e+00   0.0000000e+00 
	  0.0000000e+00   0.0000000e+00   0.0000000e+00   0.0000000e+00  -2.9160000e-02  -3.6450000e-02   0.0000000e+00   5.8320000e-02   0.0000000e+00   0.0000000e+00  -2.9160000e-02   3.6450000e-02 
	  0.0000000e+00   0.0000000e+00   0.0000000e+00   0.0000000e+00   3.6450000e-02   3.0375000e-02   0.0000000e+00   0.0000000e+00   1.2150000e-01   0.0000000e+00  -3.6450000e-02   3.0375000e-02 
	  0.0000000e+00   0.0000000e+00   0.0000000e+00   0.0000000e+00   0.0000000e+00   0.0000000e+00  -9.0000000e-01   0.0000000e+00   0.0000000e+00   9.0000000e-01   0.0000000e+00   0.0000000e+00 
	  0.0000000e+00   0.0000000e+00   0.0000000e+00   0.0000000e+00   0.0000000e+00   0.0000000e+00   0.0000000e+00  -2.9160000e-02  -3.6450000e-02   0.0000000e+00   2.9160000e-02  -3.6450000e-02 
	  0.0000000e+00   0.0000000e+00   0.0000000e+00   0.0000000e+00   0.0000000e+00   0.0000000e+00   0.0000000e+00   3.6450000e-02   3.0375000e-02   0.0000000e+00  -3.6450000e-02   6.0750000e-02 
-------------------------------------------------------------------------------------------
Vetor de Forças equivalentes de carregamento distribuído (sinal contrário) do elemento 2
-------------------------------------------------------------------------------------------
	  3.4443191e-16
	  5.6250000e+00
	  2.3437500e+00
	  3.4443191e-16
	  5.6250000e+00
	 -2.3437500e+00
-------------------------------------------------------------------------------------------
Vetor de Forças equivalentes ROTACIONADO de carregamento distribuído (sinal contrário) do elemento 2
-------------------------------------------------------------------------------------------
	  3.4443191e-16
	  5.6250000e+00
	  2.3437500e+00
	  3.4443191e-16
	  5.6250000e+00
	 -2.3437500e+00
-------------------------------------------------------------------------------------------
Vetor de Forças equivalentes de carregamento distribuído (sinal contrário) do elemento 3
-------------------------------------------------------------------------------------------
	  3.4443191e-16
	  5.6250000e+00
	  2.3437500e+00
	  3.4443191e-16
	  5.6250000e+00
	 -2.3437500e+00
-------------------------------------------------------------------------------------------
Vetor de Forças equivalentes ROTACIONADO de carregamento distribuído (sinal contrário) do elemento 3
-------------------------------------------------------------------------------------------
	  3.4443191e-16
	  5.6250000e+00
	  2.3437500e+00
	  3.4443191e-16
	  5.6250000e+00
	 -2.3437500e+00
-------------------------------------------------------------------------------------------
Vetor de Forças
-------------------------------------------------------------------------------------------
	  0.0000000e+00
	  0.0000000e+00
	  0.0000000e+00
	  1.0000000e+00
	 -5.6250000e+00
	 -2.3437500e+00
	 -8.4194467e-16
	 -1.3750000e+01
	  0.0000000e+00
	 -3.4443191e-16
	 -5.6250000e+00
	  2.3437500e+00
-------------------------------------------------------------------------------------------
Vetor de Deslocamentos Nodais
-------------------------------------------------------------------------------------------
	  0.0000000e+00
	  0.0000000e+00
	  0.0000000e+00
	  6.1198674e+00
	 -2.0514021e+01
	 -2.3793862e+02
	  3.0599337e+00
	 -3.9473683e+02
	  6.5638862e+01
	  0.0000000e+00
	  0.0000000e+00
	  0.0000000e+00
-------------------------------------------------------------------------------------------
Vetor de Forças de Reação
-------------------------------------------------------------------------------------------
	  1.7539403e+00
	  1.0257011e+01
	 -1.7386407e+00
	  0.0000000e+00
	  0.0000000e+00
	  0.0000000e+00
	  0.0000000e+00
	  0.0000000e+00
	  0.0000000e+00
	 -2.7539403e+00
	  1.4742989e+01
	 -1.4738127e+01
-------------------------------------------------------------------------------------------
